lastAccountName: bryat22222
timestamps:
  login: 1597954923401
  lastteleport: 1597954276072
  logout: 1597955127306
ipAddress: 127.0.0.1
lastlocation:
  world: world
  x: 0.5769871810855769
  y: 102.0
  z: 0.47323404938249347
  yaw: -356.6009
  pitch: 68.10009
logoutlocation:
  world: world
  x: -10.77466029744421
  y: 99.0
  z: 0.904217327322995
  yaw: -320.4518
  pitch: 33.15011
