lastAccountName: bryat2222
timestamps:
  login: 1598367592296
  logout: 1598368398827
  lastteleport: 1598365826927
  kits:
    cirak: 1598304369021
    rehber: 1598304793258
    color: 1597874183333
    notch: 1597874202199
    baslangic: 1598303981183
    dtools: 1597962604689
    tecrubeli: 1598304967946
    tools: 1598225594789
ipAddress: 127.0.0.1
lastlocation:
  world: world
  x: -38.3767147642299
  y: 101.0
  z: -4.666337119621842
  yaw: -7.345218
  pitch: 23.7006
logoutlocation:
  world: world
  x: -0.5767309268833886
  y: 98.0
  z: 27.52180772001118
  yaw: -170.84567
  pitch: 12.150607
money: '27773.0'
