lastAccountName: bryat222222
timestamps:
  login: 1597962150928
  logout: 1597962230812
ipAddress: 127.0.0.1
lastlocation:
  world: world
  x: 1.9257694530878573
  y: 101.5
  z: -6.26735211939194
  yaw: -296.75018
  pitch: 39.299892
logoutlocation:
  world: world
  x: -5.186692276206521
  y: 102.0
  z: 2.1518919342344303
  yaw: -262.85046
  pitch: 12.599934
