spawns: 
  default: 
    world: world
    x: 0.4508006782678719
    y: 102.0
    z: 0.3870842646164212
    yaw: -2.6037292
    pitch: 4.1999693
