loc:
  world: world
  x: 0.44937770306201846
  y: 102.0
  z: 0.3776707050244299
  yaw: 0.1542101
  pitch: 21.450613
