world: world
x: 3.1745349234514375
y: 98.0
z: 21.558839803657126
yaw: -88.549545
pitch: 20.55005
name: Kasa
lastowner: 4d8a0dde-9539-3146-aa93-eeaf879da3c9
