world: world
x: -40.78728913606979
y: 101.0
z: -0.6431041702766499
yaw: -89.898186
pitch: 16.500263
name: Market
lastowner: 4d8a0dde-9539-3146-aa93-eeaf879da3c9
