world: world
x: 36.5458636892354
y: 103.0
z: -30.61551666902799
yaw: -132.20148
pitch: -11.250678
name: Sıralama
lastowner: 4d8a0dde-9539-3146-aa93-eeaf879da3c9
